3.380000000000000000e+02
5.790000000000000000e+02
3.410000000000000000e+02
8.570000000000000000e+02
6.580000000000000000e+02
3.220000000000000000e+02
3.020000000000000000e+02
3.690000000000000000e+02
4.210000000000000000e+02
3.700000000000000000e+02
1.814000000000000000e+03
8.150000000000000000e+02
3.210000000000000000e+02
5.560000000000000000e+02
3.090000000000000000e+02
1.119000000000000000e+03
6.580000000000000000e+02
2.940000000000000000e+02
4.910000000000000000e+02
5.120000000000000000e+02
7.240000000000000000e+02
3.310000000000000000e+02
7.840000000000000000e+02
7.050000000000000000e+02
3.880000000000000000e+02
6.500000000000000000e+02
1.653000000000000000e+03
5.300000000000000000e+02
4.970000000000000000e+02
3.590000000000000000e+02
2.060000000000000000e+02
1.392000000000000000e+03
1.447000000000000000e+03
5.430000000000000000e+02
6.150000000000000000e+02
4.160000000000000000e+02
5.270000000000000000e+02
8.220000000000000000e+02
1.222000000000000000e+03
1.668000000000000000e+03
8.380000000000000000e+02
1.680000000000000000e+02
6.980000000000000000e+02
3.440000000000000000e+02
1.958000000000000000e+03
1.127000000000000000e+03
5.990000000000000000e+02
1.483000000000000000e+03
5.230000000000000000e+02
1.477000000000000000e+03
9.770000000000000000e+02
1.564000000000000000e+03
6.950000000000000000e+02
1.347000000000000000e+03
1.334000000000000000e+03
8.720000000000000000e+02
1.021000000000000000e+03
6.690000000000000000e+02
9.710000000000000000e+02
1.366000000000000000e+03
2.636000000000000000e+03
3.920000000000000000e+02
1.427000000000000000e+03
9.280000000000000000e+02
2.640000000000000000e+02
4.520000000000000000e+02
1.375000000000000000e+03
1.510000000000000000e+03
7.400000000000000000e+02
5.400000000000000000e+02
1.880000000000000000e+02
5.740000000000000000e+02
3.860000000000000000e+02
5.150000000000000000e+02
5.220000000000000000e+02
1.373000000000000000e+03
1.888000000000000000e+03
1.541000000000000000e+03
1.257000000000000000e+03
2.099000000000000000e+03
4.300000000000000000e+02
5.250000000000000000e+02
3.280000000000000000e+02
3.760000000000000000e+02
1.261000000000000000e+03
1.042000000000000000e+03
1.204000000000000000e+03
2.290000000000000000e+02
1.960000000000000000e+02
1.014000000000000000e+03
4.460000000000000000e+02
4.560000000000000000e+02
1.015000000000000000e+03
8.830000000000000000e+02
2.101000000000000000e+03
2.620000000000000000e+02
2.363000000000000000e+03
1.180000000000000000e+03
3.950000000000000000e+02
3.010000000000000000e+02
2.570000000000000000e+02
9.110000000000000000e+02
9.010000000000000000e+02
5.730000000000000000e+02
3.120000000000000000e+02
1.244000000000000000e+03
2.590000000000000000e+02
9.300000000000000000e+02
2.400000000000000000e+02
1.143000000000000000e+03
3.690000000000000000e+02
1.700000000000000000e+03
1.002000000000000000e+03
5.550000000000000000e+02
3.250000000000000000e+02
5.650000000000000000e+02
1.423000000000000000e+03
6.850000000000000000e+02
1.059000000000000000e+03
1.037000000000000000e+03
6.860000000000000000e+02
1.054000000000000000e+03
6.230000000000000000e+02
3.660000000000000000e+02
2.130000000000000000e+02
1.833000000000000000e+03
1.186000000000000000e+03
2.640000000000000000e+02
3.580000000000000000e+03
4.580000000000000000e+02
9.810000000000000000e+02
1.063000000000000000e+03
4.240000000000000000e+02
8.440000000000000000e+02
6.010000000000000000e+02
2.770000000000000000e+02
7.800000000000000000e+02
7.090000000000000000e+02
2.680000000000000000e+02
6.990000000000000000e+02
7.660000000000000000e+02
5.440000000000000000e+02
4.190000000000000000e+02
6.270000000000000000e+02
9.810000000000000000e+02
9.520000000000000000e+02
3.380000000000000000e+02
8.440000000000000000e+02
5.020000000000000000e+02
1.234000000000000000e+03
4.010000000000000000e+02
1.012000000000000000e+03
4.540000000000000000e+02
4.440000000000000000e+02
6.260000000000000000e+02
1.354000000000000000e+03
5.000000000000000000e+02
4.050000000000000000e+02
6.260000000000000000e+02
1.590000000000000000e+03
6.510000000000000000e+02
9.400000000000000000e+02
8.630000000000000000e+02
4.910000000000000000e+02
1.382000000000000000e+03
4.860000000000000000e+02
8.580000000000000000e+02
7.560000000000000000e+02
2.640000000000000000e+02
2.071000000000000000e+03
6.160000000000000000e+02
1.149000000000000000e+03
2.010000000000000000e+02
5.560000000000000000e+02
3.720000000000000000e+02
1.063000000000000000e+03
1.969000000000000000e+03
3.200000000000000000e+02
3.700000000000000000e+02
5.720000000000000000e+02
2.070000000000000000e+02
1.698000000000000000e+03
5.680000000000000000e+02
6.090000000000000000e+02
2.690000000000000000e+02
1.713000000000000000e+03
1.033000000000000000e+03
1.247000000000000000e+03
1.747000000000000000e+03
4.080000000000000000e+02
7.210000000000000000e+02
3.180000000000000000e+02
7.610000000000000000e+02
7.100000000000000000e+02
1.184000000000000000e+03
2.250000000000000000e+02
3.140000000000000000e+02
6.470000000000000000e+02
5.080000000000000000e+02
2.620000000000000000e+02
2.650000000000000000e+02
1.159000000000000000e+03
1.150000000000000000e+03
4.650000000000000000e+02
2.920000000000000000e+02
7.700000000000000000e+02
8.270000000000000000e+02
3.170000000000000000e+02
1.650000000000000000e+02
4.440000000000000000e+02
2.570000000000000000e+03
4.720000000000000000e+02
4.140000000000000000e+02
1.111000000000000000e+03
9.710000000000000000e+02
1.349000000000000000e+03
2.180000000000000000e+03
1.853000000000000000e+03
5.960000000000000000e+02
4.700000000000000000e+02
1.079000000000000000e+03
9.270000000000000000e+02
2.298000000000000000e+03
2.110000000000000000e+02
3.910000000000000000e+02
5.150000000000000000e+02
4.490000000000000000e+02
1.107000000000000000e+03
1.345000000000000000e+03
5.940000000000000000e+02
1.004000000000000000e+03
4.470000000000000000e+02
5.150000000000000000e+02
1.207000000000000000e+03
1.047000000000000000e+03
9.240000000000000000e+02
3.400000000000000000e+02
5.070000000000000000e+02
5.510000000000000000e+02
7.700000000000000000e+02
4.000000000000000000e+02
9.720000000000000000e+02
3.030000000000000000e+02
2.120000000000000000e+02
4.680000000000000000e+02
8.740000000000000000e+02
6.110000000000000000e+02
4.960000000000000000e+02
1.393000000000000000e+03
1.310000000000000000e+03
4.020000000000000000e+02
7.540000000000000000e+02
4.900000000000000000e+02
2.310000000000000000e+02
3.390000000000000000e+02
1.067000000000000000e+03
4.860000000000000000e+02
9.850000000000000000e+02
8.740000000000000000e+02
1.593000000000000000e+03
2.400000000000000000e+02
7.770000000000000000e+02
7.240000000000000000e+02
1.850000000000000000e+02
4.470000000000000000e+02
2.140000000000000000e+02
5.340000000000000000e+02
3.490000000000000000e+02
6.280000000000000000e+02
7.640000000000000000e+02
1.080000000000000000e+03
4.540000000000000000e+02
5.200000000000000000e+02
7.240000000000000000e+02
1.007000000000000000e+03
1.684000000000000000e+03
1.051000000000000000e+03
2.079000000000000000e+03
1.416000000000000000e+03
1.227000000000000000e+03
5.600000000000000000e+02
9.920000000000000000e+02
6.560000000000000000e+02
2.820000000000000000e+02
6.960000000000000000e+02
3.670000000000000000e+02
3.170000000000000000e+02
5.580000000000000000e+02
8.120000000000000000e+02
4.020000000000000000e+02
7.480000000000000000e+02
3.410000000000000000e+02
3.710000000000000000e+02
7.790000000000000000e+02
3.030000000000000000e+02
2.410000000000000000e+02
1.032000000000000000e+03
5.670000000000000000e+02
2.610000000000000000e+02
4.730000000000000000e+02
2.460000000000000000e+02
8.930000000000000000e+02
7.350000000000000000e+02
6.240000000000000000e+02
1.098000000000000000e+03
1.109000000000000000e+03
9.350000000000000000e+02
8.160000000000000000e+02
1.561000000000000000e+03
6.370000000000000000e+02
1.979000000000000000e+03
6.930000000000000000e+02
5.140000000000000000e+02
1.280000000000000000e+03
7.130000000000000000e+02
3.480000000000000000e+02
4.550000000000000000e+02
1.135000000000000000e+03
4.300000000000000000e+02
6.530000000000000000e+02
4.750000000000000000e+02
6.990000000000000000e+02
1.163000000000000000e+03
1.246000000000000000e+03
1.558000000000000000e+03
9.210000000000000000e+02
8.630000000000000000e+02
4.180000000000000000e+02
9.220000000000000000e+02
1.093000000000000000e+03
1.185000000000000000e+03
1.384000000000000000e+03
4.210000000000000000e+02
4.940000000000000000e+02
6.480000000000000000e+02
2.663000000000000000e+03
4.770000000000000000e+02
1.223000000000000000e+03
2.500000000000000000e+02
6.840000000000000000e+02
9.200000000000000000e+02
3.420000000000000000e+02
1.313000000000000000e+03
7.020000000000000000e+02
1.651000000000000000e+03
2.540000000000000000e+03
7.670000000000000000e+02
9.880000000000000000e+02
1.981000000000000000e+03
4.060000000000000000e+02
3.000000000000000000e+02
6.890000000000000000e+02
1.434000000000000000e+03
7.700000000000000000e+02
2.161000000000000000e+03
1.979000000000000000e+03
2.970000000000000000e+02
4.930000000000000000e+02
2.693000000000000000e+03
2.650000000000000000e+02
1.579000000000000000e+03
1.182000000000000000e+03
5.380000000000000000e+02
5.790000000000000000e+02
6.330000000000000000e+02
8.860000000000000000e+02
4.300000000000000000e+02
1.207000000000000000e+03
3.110000000000000000e+02
9.680000000000000000e+02
9.950000000000000000e+02
1.820000000000000000e+02
1.357000000000000000e+03
2.670000000000000000e+02
3.420000000000000000e+02
2.201000000000000000e+03
2.270000000000000000e+02
6.600000000000000000e+02
1.057000000000000000e+03
6.300000000000000000e+02
1.097000000000000000e+03
4.180000000000000000e+02
5.630000000000000000e+02
5.230000000000000000e+02
2.060000000000000000e+03
6.830000000000000000e+02
1.122000000000000000e+03
6.100000000000000000e+02
1.525000000000000000e+03
6.510000000000000000e+02
5.630000000000000000e+02
2.450000000000000000e+02
1.278000000000000000e+03
4.570000000000000000e+02
2.027000000000000000e+03
9.550000000000000000e+02
2.273000000000000000e+03
1.033000000000000000e+03
4.950000000000000000e+02
3.810000000000000000e+02
2.860000000000000000e+02
1.880000000000000000e+03
3.660000000000000000e+02
2.086000000000000000e+03
1.080000000000000000e+03
8.290000000000000000e+02
4.250000000000000000e+02
4.000000000000000000e+02
1.139000000000000000e+03
2.550000000000000000e+02
5.640000000000000000e+02
5.450000000000000000e+02
3.590000000000000000e+02
4.990000000000000000e+02
9.050000000000000000e+02
7.140000000000000000e+02
1.046000000000000000e+03
3.130000000000000000e+03
8.250000000000000000e+02
2.170000000000000000e+02
3.940000000000000000e+02
3.120000000000000000e+02
5.200000000000000000e+02
8.420000000000000000e+02
4.530000000000000000e+02
2.080000000000000000e+02
7.710000000000000000e+02
1.007000000000000000e+03
2.129000000000000000e+03
2.840000000000000000e+02
6.790000000000000000e+02
5.910000000000000000e+02
1.427000000000000000e+03
1.145000000000000000e+03
8.460000000000000000e+02
2.000000000000000000e+02
1.048000000000000000e+03
6.680000000000000000e+02
4.520000000000000000e+02
6.380000000000000000e+02
2.970000000000000000e+02
2.550000000000000000e+02
1.260000000000000000e+03
9.830000000000000000e+02
5.690000000000000000e+02
7.770000000000000000e+02
9.310000000000000000e+02
7.030000000000000000e+02
4.300000000000000000e+02
4.110000000000000000e+02
4.590000000000000000e+03
7.960000000000000000e+02
3.030000000000000000e+02
4.780000000000000000e+02
4.950000000000000000e+02
6.380000000000000000e+02
2.409000000000000000e+03
1.146000000000000000e+03
4.730000000000000000e+02
4.590000000000000000e+02
1.482000000000000000e+03
8.480000000000000000e+02
6.770000000000000000e+02
7.400000000000000000e+02
9.920000000000000000e+02
1.830000000000000000e+02
1.148000000000000000e+03
2.056000000000000000e+03
6.040000000000000000e+02
6.310000000000000000e+02
2.014000000000000000e+03
4.950000000000000000e+02
2.206000000000000000e+03
7.380000000000000000e+02
4.890000000000000000e+02
1.382000000000000000e+03
4.620000000000000000e+02
8.440000000000000000e+02
2.314000000000000000e+03
4.030000000000000000e+02
6.160000000000000000e+02
4.400000000000000000e+02
2.327000000000000000e+03
8.310000000000000000e+02
1.371000000000000000e+03
1.058000000000000000e+03
6.400000000000000000e+02
3.990000000000000000e+02
9.380000000000000000e+02
8.030000000000000000e+02
